0.05,-2.5,-2.5,2.5,2.5,100
0001111111111111111111111111111111111111111111111111111111111111111111111111111111111111111111111111
0011111111111111111111111111111111111111111111111111111111111111111111111111111111111111111111111111
1111111111111111111111111111111111111111111111111111111111111111111111111111111111111111111111111111
1111111111111111111111111111111111111111111111111111111111111111111111111111111111111111111111111111
1111111111111111111111111111111111111111111111111111111111111111111111111111111111111111111111111111
1111111111111111111111111111111111111111111111111111111111111111111111111111111111111111111111111111
1111111111111111111111111111111111111111111111111111111111111111111111111111111111111111111111111111
1111111111111111111111111111111111111111111111111111111111111111111111111111111111111111111111111111
1111111111111101001111111111111110011001100110100111101111110001011111111111111111111111111111111111
1111111111111100001111111111111100000000000000000000000000000000001111111111111111111110000111111111
1111111111111000001111111111111100000000000000000000000000000000001111111111111111111110000111111111
1111111111111000001111111111111100000000000000000000000000000000001111111111111111111110000011111111
1111111111110000001111111111111110000000000000000000000000000000000111111111111111111110000111111111
1111111111000000001111111111111100000000000000000000000000000000000111111111111111111110000011111111
1111111100000000001111111111111100000000000000000000000000000000000011111111111111111110000011111111
1111111110000000001111111111111100000000000000000000000000000000000001111111111111111110000111111111
1111111110000000001111111111111100000000000000000000000000000000000000111111111111111110000011111111
1111111110000000001111111111111100000000000000000000000000000000000000001111111111111110000111111111
1111111100000000001111111111111100000000000000000000000000000000000000000111111111111110000111111111
1111111110000000001111111111111100000000000000000000000000001111111111111111111111111110000111111111
1111111110000000001111111111111100000000000000000000000000111111111111111111111111111110000111111111
1111111110000000000111111111111000000000000000000000000001111111111111111111111111111110000111111111
1111111110000000000111111111111000000000000000000000000001111111111111111111111111111110000111111111
1111111110000000000011111111110000000000000000000000000011111111111111111111111111111110000111111111
1111111110000000000001111111000000000000000000000000000011111111111111111111111111111110000111111111
1111111110000000000000011000000000000000000000000000000011111111111111111111111111111110000111111111
1111111100000000000000000000000000000000000000000000000011111111111111111111111111111110000111111111
1111111110000000000000000000000000000000000000000000000011111111111111111111111111111110000111111111
1111111110000000000000000000000000000000000000000000000011111111111111111111111111111110000111111111
1111111110000000000000000000000000000000000000000000000001111111111111111111111111111100000111111111
1111111110000000000000000000000000000000000000000000000001111111111111111111111111111100000111111111
1111111110000000000000000000000000000000000000000000000000111111111111111111111111111000000111111111
1111111110000000000111111010100110010100000000000000000000001111111111111111111111100000000011111111
1111111110000000011111111111111111111111110000000000000000000000000000000000000000000000000111111111
1111111100000000111111111111111111111111111100000000000000000000000000000000000000000000000111111111
1111111110000000111111111111111111111111111110000000000000000000000000000000000000000000000111111111
1111111110000001111111111111111111111111111110000000000000000000000000000000000000000000000111111111
1111111110000001111111111111111111111111111111000000000000000000000000000000000000000000000111111111
1111111110000001111111111111111111111111111110000000000000000000000000000000000000000000000111111111
1111111110000001111111111111111111111111111111000000000000000000000000000000000000000000000111111111
1111111110000001111111111111111111111111111111000000000000000000000000000000000000000000000111111111
1111111110000001111111111111111111111111111110000000000000000000000000000000000000000000000111111111
1111111110000001111111111111111111111111111110000000000000000000000000000000000000000000000111111111
1111111110000000111111111111111111111111111100000000000000000000000000000000000000000000000111111111
1111111110000000111111111111111111111111111100000000000000000000000000000000000000000000000011111111
1111111110000000011111111111111111111111111000000000000000000000000000000000000000000000000111111111
1111111110000000000111111111111111111111100000000000000000000000000000000000000000000000000011111111
1111111110000000000000000000000000000000000000000000000000000000000000000000000000000000000111111111
1111111110000000000000000000000000000000000000000000000000000000000000000000000000000000000111111111
1111111110000000000000000000000000000000000000000000000000000000000000000000000000000000000011111111
1111111110000000000000000000000000000000000000000000000000000000000000000000000000000000000111111111
1111111110000000000000000000000000000000000000000000000000000000000000000000000000000000000111111111
1111111110000000000000000000000000000000000000000000000000000000000000000000000000000000000111111111
1111111110000000000000000000000000000000000000000000000000000000000000000000000000000000000111111111
1111111110000000000000000000000000000000000000000000000000000000000000000000000000000000000111111111
1111111110000000000000000000000000000000000000000000000000000000000000000000000000000000000111111111
1111111110000000000000000000000000000000000000000000000000000000000000000000000000000000000111111111
1111111110000000000000000000000000000000000000000000011000000000000000000000000000000000000111111111
1111111110000000000000000000000000000000000000000001111110000011100000000000001111100000000111111111
1111111110000000000000000000000000000000000000000011111111001111111000000000111111111000000111111111
1111111110000000000000000000000000000000000000000111111111111111111100000001111111111100000111111111
1111111100000000000000000000000000000000000000000111111111111111111110000011111111111110000111111111
1111111100000000000000010010111100010000100000001111111111111111111110000111111111111111000111111111
1111111111111111111111111111111111111111111000001111111111111111111111001111111111111111100111111111
1111111111111111111111111111111111111111111100001111111111111111111111001111111111111111100111111111
1111111111111111111111111111111111111111111110001111111111111111111111011111111111111111110111111111
1111111111111111111111111111111111111111111110001111111111111111111111111111111111111111110111111111
1111111111111111111111111111111111111111111111001111111111111111111111111111111111111111111111111111
1111111111111111111111111111111111111111111111001111111111111111111111101111111111111111111111111111
1111111111111111111111111111111111111111111111001111111111111111111111001111111111111111111111111111
1111111111111111111111111111111111111111111111001111111111111111111111100111111111111111111111111111
1111111111111111111111111111111111111111111111001111111111111111111111100111111111111111111111111111
1111111111111111111111111111111111111111111110001111111111111111111111001111111111111111111111111111
1111111111111111111111111111111111111111111110000111111111111111111111001111111111111111111111111111
1111111111111111111111111111111111111111111100000111111111111111111110001111111111111111111111111111
1111111111111111111111111111111111111111111000000011111111111111111100001111111111111111111111111111
1111111111111111111111111111111111111111100000000001111111111111111000000111111111111111111111111111
1111111100000000000000000000000000000000000000000001111111111111100000000111111111111111111111111111
1111111100000000000000000000000000000000000000000001111111111111100000000011111111111111111111111111
1111111100000000000000000000000000000000000000000001111111111111100000000001111111111111111111111111
1111111110000000000000000000000000000000000000000001111111111111100000000000011111111111111111111111
1111111110000000000000000000000000000000000000000001111111111111100000000000000000000000000011111111
1111111110000000000000000000000000000000000000000001111111111111100000000000000000000000000011111111
1111111110000000000000000000000000000000000000000001111111111111100000000000000000000000000111111111
1111111110000000000000000000000000000000000000000001111111111111100000000000000000000000000011111111
1111111110000000000000000000000000000000000000000001111111111111100000000000000000000000000011111111
1111111111000000000000000000000000000000000000000001111111111111100000000000000000000000000111111111
1111111111110000000000000000000000000000000000000001111111111111100000000000000000000000001111111111
1111111111111000000000000000000000000000000000000001111111111111100000000000000000000000011111111111
1111111111111000000000000000000000000000000000000001111111111111100000000000000000000000111111111111
1111111111111100000000000000000000000000000000000001111111111111100000000000000000000001111111111111
1111111111111110011110010011111111111111111111110111111111111111111111111111111111111111111111111111
1111111111111111111111111111111111111111111111111111111111111111111111111111111111111111111111111111
1111111111111111111111111111111111111111111111111111111111111111111111111111111111111111111111111111
1111111111111111111111111111111111111111111111111111111111111111111111111111111111111111111111111111
1111111111111111111111111111111111111111111111111111111111111111111111111111111111111111111111111111
1111111111111111111111111111111111111111111111111111111111111111111111111111111111111111111111111111
1111111111111111111111111111111111111111111111111111111111111111111111111111111111111111111111111111
1111111111111111111111111111111111111111111111111111111111111111111111111111111111111111111111111100
1111111111111111111111111111111111111111111111111111111111111111111111111111111111111111111111111100
